0 0.758984 0.257328 0.043242 0.051230
0 0.027654 0.827108 0.047088 0.064026
0 0.386588 0.437225 0.044209 0.047365
0 0.339978 0.656179 0.027868 0.042255
0 0.277033 0.327745 0.042286 0.051215
0 0.329412 0.058221 0.043242 0.072987
0 0.577346 0.050542 0.033637 0.044802
0 0.330374 0.412643 0.038440 0.057613
0 0.469720 0.171537 0.047088 0.061464
0 0.981451 0.286779 0.034593 0.056340
0 0.903132 0.044780 0.056703 0.071698
0 0.659995 0.805344 0.041330 0.056340
0 0.600412 0.818785 0.039396 0.052504
0 0.800780 0.849517 0.042286 0.049927
0 0.799824 0.241325 0.048044 0.055066
0 0.672005 0.539656 0.036516 0.052489
0 0.161714 0.729802 0.030747 0.040981
0 0.214088 0.479473 0.031714 0.037130
0 0.298659 0.862328 0.027868 0.042255
0 0.747445 0.690747 0.033637 0.047379
0 0.722945 0.843755 0.046132 0.053777
0 0.211203 0.715073 0.033637 0.047365
0 0.720538 0.348236 0.045165 0.058902
0 0.730632 0.919941 0.036516 0.049927
0 0.765231 0.352716 0.038440 0.055066
0 0.696033 0.144656 0.046132 0.056340
0 0.314995 0.873851 0.029791 0.037130
0 0.018044 0.122247 0.035560 0.052489
0 0.959352 0.774619 0.042286 0.053777
0 0.688824 0.088953 0.039407 0.047365
0 0.314033 0.657452 0.027868 0.047379
0 0.135764 0.775256 0.040363 0.052504
0 0.151143 0.454517 0.021143 0.030732
0 0.287126 0.648499 0.025945 0.039693
0 0.310670 0.913543 0.026901 0.042255
0 0.435363 0.269012 0.040110 0.055827
0 0.777242 0.141449 0.049011 0.060176
0 0.733511 0.053104 0.044209 0.065300
0 0.292412 0.254766 0.044209 0.061449
0 0.850275 0.799583 0.043253 0.057613
0 0.180929 0.687540 0.040363 0.046091
0 0.162676 0.238763 0.048055 0.062738
0 0.658077 0.126728 0.041319 0.061449
0 0.557648 0.026215 0.048044 0.049941
0 0.733516 0.889217 0.034593 0.039693
0 0.408692 0.044780 0.026901 0.033280
0 0.225621 0.056940 0.043242 0.055051
0 0.880544 0.697782 0.040363 0.053777
