7 0.434681 0.882425 0.052263 0.061750
7 0.270781 0.881231 0.057013 0.066513
7 0.341450 0.679338 0.043950 0.045125
7 0.318288 0.526125 0.047500 0.047500
7 0.870550 0.679338 0.026125 0.030875
7 0.319475 0.283850 0.040375 0.042750
7 0.775537 0.198337 0.035625 0.035625
7 0.768413 0.027906 0.028500 0.027313
7 0.666863 0.095606 0.041575 0.043938
7 0.213775 0.566506 0.057000 0.064138
7 0.754750 0.641925 0.048700 0.048700
7 0.744656 0.520188 0.028512 0.030875
7 0.723869 0.396675 0.039188 0.042750
7 0.605700 0.359856 0.042750 0.045138
7 0.597387 0.549881 0.026125 0.033262
7 0.525531 0.571856 0.034438 0.039188
7 0.523156 0.912113 0.041563 0.054625
