7 0.321250 0.284375 0.045000 0.043750
7 0.664375 0.094375 0.043750 0.041250
7 0.765625 0.033125 0.028750 0.036250
7 0.780000 0.202500 0.040000 0.037500
7 0.606875 0.356875 0.051250 0.048750
7 0.723125 0.396250 0.043750 0.047500
7 0.209375 0.561250 0.056250 0.065000
7 0.317500 0.525000 0.060000 0.050000
7 0.530625 0.573125 0.038750 0.038750
7 0.595000 0.550625 0.030000 0.033750
7 0.743125 0.522500 0.026250 0.030000
7 0.753750 0.643125 0.047500 0.048750
7 0.868750 0.676875 0.027500 0.033750
7 0.338750 0.678750 0.042500 0.045000
7 0.269375 0.880625 0.063750 0.073750
7 0.437500 0.885000 0.060000 0.060000
7 0.521250 0.911250 0.050000 0.050000
